cam_0:
  cam_model: "Pinhole"
  cam_width: 1280
  cam_height: 1088
  scale: 1.0
  cam_fx: 1661.5990559648285
  cam_fy: 1661.3185726657032
  cam_cx: 546.92616950259
  cam_cy: 620.857106842244
  cam_d0: -0.05073683213007418
  cam_d1: 0.49405956615250507
  cam_d2: -0.001395588230165186
  cam_d3: -0.0001053865993102159

cam_1:
  cam_model: "Pinhole"
  cam_width: 1280
  cam_height: 1088
  scale: 1.0
  cam_fx: 1666.1611881152471
  cam_fy: 1666.0429611127515
  cam_cx: 539.3610595744343
  cam_cy: 630.2953154454995
  cam_d0: -0.023989521003770668
  cam_d1: 0.2148914132671836
  cam_d2: -0.0015143972954709966
  cam_d3: 0.0024782143687026694

cam_2:
  cam_model: "Pinhole"
  cam_width: 1280
  cam_height: 1088
  scale: 1.0
  cam_fx: 1662.8759967854412
  cam_fy: 1662.928239567504
  cam_cx: 541.3386035931842
  cam_cy: 633.8204819182239
  cam_d0: -0.04245949243521495
  cam_d1: 0.31898606979965977
  cam_d2: -0.0015131816958812202
  cam_d3: -6.734497280372093e-05

cam_3:
  cam_model: "Pinhole"
  cam_width: 1280
  cam_height: 1088
  scale: 1.0
  cam_fx: 1671.7466720545565
  cam_fy: 1671.2354693430948
  cam_cx: 538.4818116927695
  cam_cy: 633.7553663949875
  cam_d0: -0.02263059039691893
  cam_d1: 0.22874964132503364
  cam_d2: -0.0026465580411478185
  cam_d3: 0.004848690413283687
